1000	9.4200018793e-05
2000	1.9310018979e-04
3000	2.7580000460e-04
4000	3.4809997305e-04
5000	5.1579996943e-04
6000	6.8070017733e-04
7000	6.4210011624e-04
8000	7.2679994628e-04
9000	8.7399990298e-04
10000	1.0829998646e-03
11000	1.0756000411e-03
12000	1.1855999473e-03
13000	1.2548998930e-03
14000	1.4149998315e-03
15000	1.4977001119e-03
16000	1.5674000606e-03
17000	1.6299998388e-03
18000	1.7595000099e-03
19000	2.0180998836e-03
20000	1.9809000660e-03
21000	2.0979999099e-03
22000	2.2787000053e-03
23000	2.3440001532e-03
24000	2.5101001374e-03
25000	2.6889999863e-03
26000	2.8049000539e-03
27000	3.1415999401e-03
28000	3.1723000575e-03
29000	3.2439001370e-03
30000	3.3921001013e-03
31000	3.4279001411e-03
32000	3.4874000121e-03
33000	3.4213000908e-03
34000	3.5898000933e-03
35000	3.7601001095e-03
36000	4.1851000860e-03
37000	4.0694000199e-03
38000	4.3430000078e-03
39000	4.4601999689e-03
40000	4.6518000308e-03
41000	4.9272999167e-03
42000	5.0657999236e-03
43000	5.0643999130e-03
44000	5.3441999480e-03
45000	5.5204001255e-03
46000	5.6471999269e-03
47000	5.7549001649e-03
48000	5.8287000284e-03
49000	5.9603999835e-03
50000	6.0907001607e-03
51000	6.2718000263e-03
52000	6.3912000041e-03
53000	6.6579999402e-03
54000	6.7034999374e-03
55000	7.0535000414e-03
56000	7.1497999597e-03
57000	7.3665999807e-03
58000	7.4661998078e-03
59000	7.6959999278e-03
60000	7.7400999144e-03
61000	7.8531999607e-03
62000	8.0067999661e-03
63000	8.0763001461e-03
64000	8.7733999826e-03
65000	9.1118998826e-03
66000	9.0674001258e-03
67000	8.7702001911e-03
68000	1.2180099962e-02
69000	9.7147000488e-03
70000	9.3994999770e-03
71000	9.9592001643e-03
72000	8.4426000249e-03
73000	8.4433001466e-03
74000	8.8851000182e-03
75000	9.4645000063e-03
76000	9.7870999016e-03
77000	9.8071000539e-03
78000	9.9637999665e-03
79000	1.0063699912e-02
80000	1.0188100161e-02
81000	1.0117900092e-02
82000	1.0342299938e-02
83000	1.0567199904e-02
84000	1.0570599930e-02
85000	1.0808000108e-02
86000	1.0867899982e-02
87000	1.0999999940e-02
88000	1.1258600047e-02
89000	1.1352899950e-02
90000	1.1652200017e-02
91000	1.1692400090e-02
92000	1.1881999904e-02
93000	1.2501099845e-02
94000	1.2519499986e-02
95000	1.2290500104e-02
96000	1.2536500115e-02
97000	1.2555799913e-02
98000	1.2716199970e-02
99000	1.3022500090e-02
100000	1.3027200010e-02
101000	1.3223699993e-02
102000	1.3302499894e-02
103000	1.3480900088e-02
104000	1.3642200036e-02
105000	1.3660399942e-02
106000	1.4407299925e-02
107000	1.4441000065e-02
108000	1.4328199904e-02
109000	1.4369799988e-02
110000	1.4566200087e-02
111000	1.4812799869e-02
112000	1.4721699990e-02
113000	1.4979100088e-02
114000	1.5192199964e-02
115000	1.5196399996e-02
116000	1.5443300130e-02
117000	1.5500599984e-02
118000	1.6382300062e-02
119000	1.5979600139e-02
120000	1.6134400154e-02
121000	1.6119499924e-02
122000	1.6381100053e-02
123000	1.4972300036e-02
124000	1.5371099813e-02
125000	1.6414500074e-02
126000	1.6721800203e-02
127000	1.6846799990e-02
128000	1.7692800146e-02
129000	1.7257699976e-02
130000	1.6383499838e-02
131000	1.6937399982e-02
132000	1.7439499963e-02
133000	1.9483599812e-02
134000	1.9609499956e-02
135000	1.8282900099e-02
136000	1.8077400047e-02
137000	1.7109700013e-02
138000	1.8255200004e-02
139000	1.8977999920e-02
140000	1.8944199895e-02
141000	1.9157000119e-02
142000	1.9304599846e-02
143000	1.9475399982e-02
144000	1.9646300003e-02
145000	1.9808399957e-02
146000	2.1189699881e-02
147000	1.9744900055e-02
148000	1.9080300117e-02
149000	1.9588400144e-02
150000	2.0350900013e-02
151000	2.0714099985e-02
152000	2.1197599825e-02
153000	2.1305400180e-02
154000	2.1528000012e-02
155000	2.1914099809e-02
156000	2.2969699930e-02
157000	2.2417000029e-02
158000	2.2455399856e-02
159000	2.2628500126e-02
160000	2.2703099996e-02
161000	2.2835899843e-02
162000	2.3122899933e-02
163000	2.3382999934e-02
164000	2.4138099980e-02
165000	2.3558299989e-02
166000	2.3847300094e-02
167000	2.3877599975e-02
168000	2.4079099996e-02
169000	2.4208999937e-02
170000	2.4376099929e-02
171000	2.5111000054e-02
172000	2.5122999912e-02
173000	2.4737800006e-02
174000	2.5140400045e-02
175000	2.7884299867e-02
176000	2.6331799803e-02
177000	2.4282300146e-02
178000	2.6709200116e-02
179000	2.8590599773e-02
180000	2.5139900157e-02
181000	2.5854200125e-02
182000	2.6311000111e-02
183000	2.6746999938e-02
184000	2.7162499959e-02
185000	2.9492000118e-02
186000	2.7238900075e-02
187000	2.7000300121e-02
188000	2.7251499938e-02
189000	2.7174199931e-02
190000	2.7553899912e-02
191000	2.9051499907e-02
192000	2.8477200074e-02
193000	2.8028100030e-02
194000	2.8107800055e-02
195000	2.8399499832e-02
196000	2.8457900044e-02
197000	2.9222799931e-02
198000	2.5918400148e-02
199000	2.7161400067e-02
200000	2.8695600107e-02
201000	2.7969600167e-02
202000	2.8376100119e-02
203000	2.8979999945e-02
204000	2.8061600169e-02
205000	2.6862900006e-02
206000	2.8157799970e-02
207000	2.8500200016e-02
208000	3.1491399975e-02
209000	3.1423600158e-02
210000	3.2826500013e-02
211000	3.0748599907e-02
212000	3.1067899894e-02
213000	3.1706599984e-02
214000	3.2059299992e-02
215000	3.2726199832e-02
216000	2.9726200039e-02
217000	3.0373699963e-02
218000	3.0898099998e-02
219000	3.1455900054e-02
220000	3.0056199990e-02
221000	3.1000499846e-02
222000	3.1302599935e-02
223000	3.1539600110e-02
224000	3.1867800048e-02
225000	3.1951399986e-02
226000	3.4204399912e-02
227000	3.5092600156e-02
228000	3.2567400020e-02
229000	3.3411500044e-02
230000	3.3558299998e-02
231000	3.5624000011e-02
232000	3.3263399964e-02
233000	3.1374800019e-02
234000	3.2512400066e-02
235000	3.2993000001e-02
236000	3.6476999987e-02
237000	3.6134999944e-02
238000	3.4217800014e-02
239000	3.4926699940e-02
240000	3.5250799963e-02
241000	3.5473499913e-02
242000	3.7006400060e-02
243000	3.6318800179e-02
244000	3.6438300041e-02
245000	3.6800800124e-02
246000	3.7041299976e-02
247000	3.4030999988e-02
248000	3.6303699948e-02
249000	3.5245100036e-02
250000	3.6099999910e-02
251000	3.6814999999e-02
252000	3.4757100046e-02
253000	3.6703999853e-02
254000	3.7816000171e-02
255000	3.8511400111e-02
256000	3.9407399949e-02
257000	4.0031699929e-02
258000	3.8947900059e-02
259000	3.9002900012e-02
260000	3.9150800090e-02
261000	4.6656900086e-02
262000	3.9464500034e-02
263000	4.0872699814e-02
264000	4.0097400080e-02
265000	4.0842400165e-02
266000	4.1412600083e-02
267000	3.9166499861e-02
268000	3.6764599849e-02
269000	3.8284800015e-02
270000	4.0200300049e-02
271000	3.9848100161e-02
272000	3.7216899917e-02
273000	3.9843000006e-02
274000	4.1656600079e-02
275000	4.2086599860e-02
276000	4.1777099948e-02
277000	4.2109899921e-02
278000	4.1776400059e-02
279000	4.0710299974e-02
280000	3.9332399843e-02
281000	4.0518000023e-02
282000	4.0986299980e-02
283000	4.1701900074e-02
284000	4.5257100137e-02
285000	4.0703099919e-02
286000	4.1710000020e-02
287000	4.2355299927e-02
288000	4.1492299875e-02
289000	4.1623499943e-02
290000	4.2485600105e-02
291000	4.2908099946e-02
292000	4.2341899825e-02
293000	4.3236899888e-02
294000	4.4375100173e-02
295000	4.4779699994e-02
296000	4.6985199908e-02
297000	4.5369400177e-02
298000	4.5258600032e-02
299000	4.5571400085e-02
300000	4.4256699970e-02
301000	4.3456499930e-02
302000	4.3761800043e-02
303000	4.1950799990e-02
304000	4.3525699992e-02
305000	4.8048899975e-02
306000	4.6801299788e-02
307000	4.7343699960e-02
308000	4.8608999932e-02
309000	4.7657800140e-02
310000	4.8253800021e-02
311000	4.8133299919e-02
312000	4.7383000143e-02
313000	4.7878999962e-02
314000	4.8465299886e-02
315000	5.0500799902e-02
316000	4.8212699825e-02
317000	4.8531000037e-02
318000	4.9900999991e-02
319000	4.3833200121e-02
320000	4.5879199868e-02
321000	4.6900500078e-02
322000	4.7970700078e-02
323000	5.3115400020e-02
324000	4.7289700015e-02
325000	4.8730400158e-02
326000	4.8799599987e-02
327000	4.8665400129e-02
328000	4.8775600037e-02
329000	4.9284600187e-02
330000	4.9790299963e-02
331000	4.9765999895e-02
332000	4.9453400075e-02
333000	5.1127200015e-02
334000	5.0058299908e-02
335000	5.0006199861e-02
336000	5.0297100097e-02
337000	5.0371099962e-02
338000	4.9010999966e-02
339000	5.0387099851e-02
340000	5.3496300010e-02
341000	5.3558000131e-02
342000	5.4774100194e-02
343000	5.4377600085e-02
344000	5.4651299957e-02
345000	5.3150300169e-02
346000	5.3853800055e-02
347000	5.8389500016e-02
348000	5.4182900116e-02
349000	5.4367800010e-02
350000	5.2502099890e-02
351000	5.1240700064e-02
352000	5.2321600029e-02
353000	5.3191799903e-02
354000	5.4267599946e-02
355000	5.3271800047e-02
356000	5.1698599942e-02
357000	5.2065700060e-02
358000	5.6022699922e-02
359000	6.5287600039e-02
360000	5.5235699983e-02
361000	5.4328199942e-02
362000	5.4652399849e-02
363000	6.0357699869e-02
364000	5.8749299962e-02
365000	5.5837299908e-02
366000	5.5859599961e-02
367000	5.5722099962e-02
368000	5.5411200039e-02
369000	5.5920100072e-02
370000	5.6497700047e-02
371000	5.6091799866e-02
372000	5.6778799975e-02
373000	5.4270300083e-02
374000	5.5476400070e-02
375000	6.1418800149e-02
376000	5.8695000131e-02
377000	5.6157599902e-02
378000	5.4213199997e-02
379000	5.7854299899e-02
380000	5.6879299926e-02
381000	5.7527400088e-02
382000	5.9398100013e-02
383000	5.8526899898e-02
384000	5.8707300108e-02
385000	5.9433500050e-02
386000	5.6927600177e-02
387000	5.8136899956e-02
388000	5.8265100000e-02
389000	5.8456000173e-02
390000	6.0802299995e-02
391000	6.3752199989e-02
392000	6.0502700042e-02
393000	5.9996099910e-02
394000	6.0911499895e-02
395000	6.1737800017e-02
396000	6.1697599944e-02
397000	6.1505299993e-02
398000	5.6626899866e-02
399000	5.8346600039e-02
400000	6.3528300030e-02
401000	6.3167399960e-02
402000	6.3477399992e-02
403000	6.6121499985e-02
404000	6.3687599963e-02
405000	7.0924000116e-02
406000	6.1959299957e-02
407000	6.2263000058e-02
408000	6.4732100116e-02
409000	6.0605000006e-02
410000	6.2062900048e-02
411000	6.2820999883e-02
412000	6.2037199968e-02
413000	6.2849800102e-02
414000	6.4928099979e-02
415000	6.3684799941e-02
416000	6.5211900044e-02
417000	6.4056799980e-02
418000	6.5397399943e-02
419000	6.6683899844e-02
420000	6.7441200139e-02
421000	6.4795099897e-02
422000	6.6246900009e-02
423000	6.6011400195e-02
424000	6.5048899967e-02
425000	6.6930500092e-02
426000	6.5533000045e-02
427000	6.5620400012e-02
428000	6.7003400065e-02
429000	6.4263600158e-02
430000	6.6137699876e-02
431000	6.6841599997e-02
432000	6.3640100183e-02
433000	6.5912800143e-02
434000	7.1201800136e-02
435000	6.4373400062e-02
436000	6.9457999896e-02
437000	6.7114299862e-02
438000	6.8613900105e-02
439000	6.7948699929e-02
440000	6.7696099868e-02
441000	7.0655899821e-02
442000	6.8645900115e-02
443000	7.0173700107e-02
444000	6.6232400015e-02
445000	6.9875500165e-02
446000	7.0340600098e-02
447000	7.3788899928e-02
448000	6.9157599937e-02
449000	6.9676599931e-02
450000	7.0218700217e-02
451000	7.1019999916e-02
452000	6.8727100035e-02
453000	7.3007500032e-02
454000	7.3250100017e-02
455000	7.2980500059e-02
456000	7.8009200050e-02
457000	7.2971599875e-02
458000	7.4785999954e-02
459000	6.9739199942e-02
460000	7.1458200226e-02
461000	7.1370200021e-02
462000	7.4221499963e-02
463000	7.2742199991e-02
464000	7.0578400046e-02
465000	7.1813399903e-02
466000	7.1809599875e-02
467000	7.4092499912e-02
468000	7.1567100007e-02
469000	7.1732799988e-02
470000	7.2668100009e-02
471000	7.2528699879e-02
472000	7.5598800089e-02
473000	7.6772100059e-02
474000	7.5047099963e-02
475000	7.4665100081e-02
476000	7.0705000078e-02
477000	7.6094999909e-02
478000	7.6049400028e-02
479000	7.4398400029e-02
480000	7.5880900025e-02
481000	7.4088599999e-02
482000	7.5177900027e-02
483000	7.4326700065e-02
484000	7.5155500090e-02
485000	8.1046300009e-02
486000	7.6290099882e-02
487000	7.7480900101e-02
488000	7.7079699840e-02
489000	7.8771299915e-02
490000	8.1163599854e-02
491000	7.8902000096e-02
492000	8.0287300050e-02
493000	7.8660900006e-02
494000	7.7263700077e-02
495000	7.9006299842e-02
496000	8.6184199899e-02
497000	8.1762999995e-02
498000	8.2288800040e-02
499000	7.8864699928e-02
500000	7.8303399961e-02
501000	7.9945900012e-02
502000	8.0527799902e-02
503000	8.3600699902e-02
504000	8.3042199956e-02
505000	8.4950200049e-02
506000	8.1628599903e-02
507000	8.5087599931e-02
508000	8.1507799914e-02
509000	7.9597899923e-02
510000	8.3168500103e-02
511000	8.0751399975e-02
512000	8.2469399786e-02
513000	8.0418199999e-02
514000	8.5759100039e-02
515000	8.3097599912e-02
516000	7.8201299999e-02
517000	7.9984499840e-02
518000	8.1298700068e-02
519000	8.5797099862e-02
520000	8.2111399854e-02
521000	8.8000099873e-02
522000	8.3659700118e-02
523000	8.0903099850e-02
524000	8.1702099880e-02
525000	8.4146300098e-02
526000	8.2060799934e-02
527000	8.3256999962e-02
528000	7.9825300025e-02
529000	8.2320099929e-02
530000	9.1337800026e-02
531000	8.4897499997e-02
532000	8.5237800144e-02
533000	8.6524000159e-02
534000	7.9373300076e-02
535000	8.3994900109e-02
536000	8.6812600028e-02
537000	8.5002999986e-02
538000	8.7598799961e-02
539000	8.5080499994e-02
540000	8.5906800115e-02
541000	8.8254499948e-02
542000	8.8889400009e-02
543000	8.7197399931e-02
544000	8.6575299967e-02
545000	8.5641699843e-02
546000	8.5740100127e-02
547000	8.8745499961e-02
548000	9.1884299880e-02
549000	9.0524100000e-02
550000	9.2647499871e-02
551000	9.3228399986e-02
552000	8.4290300030e-02
553000	8.7365200045e-02
554000	8.8689999888e-02
555000	8.8749600109e-02
556000	8.8437400060e-02
557000	9.0528199915e-02
558000	9.3116599834e-02
559000	9.1878200183e-02
560000	9.3367199879e-02
561000	1.0234740004e-01
562000	9.6676500048e-02
563000	9.2029699823e-02
564000	8.8890699903e-02
565000	8.9418800082e-02
566000	9.2895699898e-02
567000	8.9918200159e-02
568000	8.8626499986e-02
569000	8.6128299823e-02
570000	9.4263199950e-02
571000	9.5284699928e-02
572000	9.3182999874e-02
573000	9.2437899904e-02
574000	9.4163399888e-02
575000	9.2250799993e-02
576000	8.7985800114e-02
577000	9.3042800203e-02
578000	8.9946300024e-02
579000	9.5497099916e-02
580000	9.5333700068e-02
581000	1.0263959994e-01
582000	9.0392400045e-02
583000	9.4250699971e-02
584000	9.3104299856e-02
585000	9.3976399861e-02
586000	9.2040499905e-02
587000	9.5326900017e-02
588000	9.3756300164e-02
589000	9.7761400044e-02
590000	9.3854299979e-02
591000	1.0706060007e-01
592000	9.6911000088e-02
593000	8.9745400008e-02
594000	9.3765799887e-02
595000	9.3023999827e-02
596000	9.5648999792e-02
597000	9.3923500041e-02
598000	9.6071900101e-02
599000	9.6810699906e-02
600000	9.7777800169e-02
601000	1.1199120013e-01
602000	1.0181029979e-01
603000	9.9934000056e-02
604000	9.2173499987e-02
605000	9.6443300135e-02
606000	9.4784500077e-02
607000	9.7429000074e-02
608000	9.9242300028e-02
609000	9.5852000173e-02
610000	1.0030580009e-01
611000	1.0296000005e-01
612000	1.0107770003e-01
613000	9.7717399942e-02
614000	9.3670299975e-02
615000	1.0152769997e-01
616000	1.0076039983e-01
617000	1.0045769997e-01
618000	1.0216270015e-01
619000	1.0064269998e-01
620000	1.0301310010e-01
621000	9.9139299942e-02
622000	1.0267319996e-01
623000	1.0010849987e-01
624000	1.0134550021e-01
625000	9.8995100008e-02
626000	1.0217760014e-01
627000	1.0412349994e-01
628000	1.0219140002e-01
629000	1.1618809984e-01
630000	1.0509740002e-01
631000	1.0090339999e-01
632000	1.0254780017e-01
633000	1.0421799985e-01
634000	1.0150130000e-01
635000	1.0319639998e-01
636000	1.0824469989e-01
637000	1.0906759999e-01
638000	1.0341640003e-01
639000	1.0290449997e-01
640000	1.0202639992e-01
641000	1.0265389993e-01
642000	1.0242359992e-01
643000	1.0663739988e-01
644000	1.0493209981e-01
645000	1.0410319990e-01
646000	1.1524459999e-01
647000	1.0539919999e-01
648000	1.0503079998e-01
649000	1.0695419996e-01
650000	1.0658659996e-01
651000	1.0432210006e-01
652000	1.1029889993e-01
653000	1.0603159992e-01
654000	1.0772870015e-01
655000	1.2034099991e-01
656000	1.1126210005e-01
657000	1.1070109997e-01
658000	1.0666549997e-01
659000	1.0030100006e-01
660000	1.1049110000e-01
661000	1.8803950003e-01
662000	1.8718120013e-01
663000	1.3929590001e-01
664000	1.5177240013e-01
665000	1.4231589995e-01
666000	1.4647729998e-01
667000	1.8654479994e-01
668000	1.8527540006e-01
669000	1.4826719998e-01
670000	1.4575979998e-01
671000	1.2296919990e-01
672000	1.3067009998e-01
673000	1.2913220003e-01
674000	1.7882999987e-01
675000	1.4647700009e-01
676000	1.3632050017e-01
677000	1.5638759988e-01
678000	1.4634199999e-01
679000	1.5215549991e-01
680000	1.5147019993e-01
681000	1.5711989999e-01
682000	1.4637460001e-01
683000	1.3602810004e-01
684000	1.5800489997e-01
685000	1.6088950005e-01
686000	1.4211699995e-01
687000	1.5087290015e-01
688000	1.4823250007e-01
689000	1.4521730016e-01
690000	1.4900369989e-01
691000	1.3918780000e-01
692000	1.4351100009e-01
693000	1.4818680007e-01
694000	1.5706070000e-01
695000	1.5082779992e-01
696000	1.4212549990e-01
697000	1.3696509995e-01
698000	1.4945190004e-01
699000	1.5649880003e-01
700000	1.5480579995e-01
701000	1.4221429988e-01
702000	1.4286029991e-01
703000	1.3981200010e-01
704000	1.5455850004e-01
705000	1.5979929990e-01
706000	1.6590250004e-01
707000	1.5237109992e-01
708000	1.5179709997e-01
709000	1.4465130004e-01
710000	1.4705209993e-01
711000	1.4693169994e-01
712000	1.4391579991e-01
713000	1.5471399995e-01
714000	1.5084789996e-01
715000	1.4582280000e-01
716000	1.5589429997e-01
717000	1.5192259988e-01
718000	1.5157460002e-01
719000	1.5776850004e-01
720000	1.5273460001e-01
721000	1.6106719989e-01
722000	1.5519590001e-01
723000	1.4592660009e-01
724000	1.5058730007e-01
725000	1.6180930007e-01
726000	1.4289109991e-01
727000	1.4976319997e-01
728000	1.4447709988e-01
729000	1.7213029996e-01
730000	1.4816760016e-01
731000	1.7219570000e-01
732000	1.4187960001e-01
733000	1.4265309996e-01
734000	1.5037689987e-01
735000	1.6532739997e-01
736000	1.6354889981e-01
737000	1.6207470000e-01
738000	1.4482940012e-01
739000	1.6277250019e-01
740000	1.6919640009e-01
741000	1.5080780000e-01
742000	1.5549510019e-01
743000	1.6305220011e-01
744000	1.5016099997e-01
745000	1.5666049998e-01
746000	1.5983480006e-01
747000	1.5615979978e-01
748000	1.5661329986e-01
749000	1.6701700003e-01
750000	1.7668000003e-01
751000	1.4972899994e-01
752000	1.5280140005e-01
753000	1.6564130015e-01
754000	1.6347840009e-01
755000	1.8563989992e-01
756000	1.5628899983e-01
757000	1.5615780000e-01
758000	1.5901649999e-01
759000	1.5174330003e-01
760000	1.5708869998e-01
761000	1.7510370002e-01
762000	1.6114690015e-01
763000	1.5714140004e-01
764000	1.6982780001e-01
765000	1.6092719999e-01
766000	1.5692920005e-01
767000	1.7844399996e-01
768000	1.6197820008e-01
769000	1.6750449990e-01
770000	1.6623710003e-01
771000	1.6778499982e-01
772000	1.8310229992e-01
773000	1.6478790017e-01
774000	1.7062849994e-01
775000	1.6408869997e-01
776000	1.7288950016e-01
777000	1.6852229997e-01
778000	1.9746820000e-01
779000	1.6747690015e-01
780000	1.6386570013e-01
781000	1.6875029984e-01
782000	1.7345599993e-01
783000	1.8465430010e-01
784000	1.7931989999e-01
785000	1.7121179984e-01
786000	1.7630159995e-01
787000	1.6806330020e-01
788000	1.6397150001e-01
789000	1.8654309982e-01
790000	1.6923179990e-01
791000	1.7350589996e-01
792000	1.7984260013e-01
793000	1.8024790008e-01
794000	1.9128470006e-01
795000	1.6802320001e-01
796000	1.6189270001e-01
797000	1.6365440004e-01
798000	1.6690149996e-01
799000	1.5988559998e-01
800000	1.6440650006e-01
801000	1.5262289997e-01
802000	1.5682370006e-01
803000	1.6111830017e-01
804000	1.6489519994e-01
805000	1.6360159987e-01
806000	1.7108719982e-01
807000	1.7333680019e-01
808000	1.6105780005e-01
809000	1.5885320003e-01
810000	1.5831560013e-01
811000	1.7559650005e-01
812000	1.5991850011e-01
813000	1.8456589989e-01
814000	1.8074520002e-01
815000	1.7622000002e-01
816000	1.8730850006e-01
817000	1.7518960009e-01
818000	1.5756830014e-01
819000	1.5598979988e-01
820000	1.6377689992e-01
821000	1.6757129994e-01
822000	1.7313510017e-01
823000	1.6457639984e-01
824000	1.6495959996e-01
825000	1.8094870006e-01
826000	1.7986849998e-01
827000	1.7126430012e-01
828000	1.8555669999e-01
829000	1.7054369999e-01
830000	1.6432330012e-01
831000	1.6744120000e-01
832000	1.6646089987e-01
833000	1.7473580013e-01
834000	1.7352129985e-01
835000	1.7039450002e-01
836000	1.7370220018e-01
837000	1.6658399999e-01
838000	1.6316240001e-01
839000	1.7875170009e-01
840000	1.7159339995e-01
841000	1.7535729986e-01
842000	1.7672670004e-01
843000	1.7761699995e-01
844000	1.8048290000e-01
845000	1.7545880005e-01
846000	1.7445840011e-01
847000	1.6644389997e-01
848000	1.7440109979e-01
849000	1.6947609978e-01
850000	1.7569509987e-01
851000	1.7887609988e-01
852000	1.7519370001e-01
853000	1.7216750002e-01
854000	1.7691200017e-01
855000	1.9235890009e-01
856000	1.7709650006e-01
857000	1.7988249986e-01
858000	1.7289499985e-01
859000	1.7257420020e-01
860000	1.8361920002e-01
861000	1.7416849989e-01
862000	1.7439950001e-01
863000	1.6433669999e-01
864000	1.6957830009e-01
865000	1.7325289990e-01
866000	1.8254119996e-01
867000	1.7227850016e-01
868000	1.7640069989e-01
869000	1.7990630004e-01
870000	1.7830960010e-01
871000	1.9272139994e-01
872000	1.7971480009e-01
873000	1.6904239985e-01
874000	1.7695240001e-01
875000	1.6866469989e-01
876000	1.9183539995e-01
877000	1.8138440000e-01
878000	1.7386679980e-01
879000	1.8123410014e-01
880000	1.8719319999e-01
881000	1.8057009997e-01
882000	1.7837800016e-01
883000	1.8867710000e-01
884000	1.7915320001e-01
885000	1.8247130001e-01
886000	1.8122419994e-01
887000	1.7922029993e-01
888000	1.9402549998e-01
889000	1.9212390017e-01
890000	1.7537700012e-01
891000	1.7440529983e-01
892000	1.8678460014e-01
893000	1.8377149990e-01
894000	1.7426189990e-01
895000	1.8102640007e-01
896000	1.7041350016e-01
897000	1.7693319987e-01
898000	1.6203429992e-01
899000	1.6517609986e-01
900000	1.6679739999e-01
901000	1.6860780003e-01
902000	1.7169960006e-01
903000	1.5925570019e-01
904000	1.5673559997e-01
905000	1.6204149998e-01
906000	1.6325880005e-01
907000	1.6759450012e-01
908000	1.6805549990e-01
909000	1.6403180012e-01
910000	1.6145400004e-01
911000	1.6901529999e-01
912000	1.6666420014e-01
913000	1.6772960010e-01
914000	1.7602519994e-01
915000	1.6454929998e-01
916000	1.6659140005e-01
917000	1.6889730003e-01
918000	1.8408130016e-01
919000	1.9365579984e-01
920000	1.7613720009e-01
921000	1.8026970001e-01
922000	1.8717040005e-01
923000	1.8242740002e-01
924000	2.0426709997e-01
925000	1.8733240012e-01
926000	1.8470460013e-01
927000	1.8715059990e-01
928000	1.8880670005e-01
929000	1.8824689998e-01
930000	1.8865450006e-01
931000	1.8618190009e-01
932000	1.8941939995e-01
933000	1.9171779999e-01
934000	1.9302469981e-01
935000	1.9623840018e-01
936000	1.8987810006e-01
937000	1.9260059996e-01
938000	1.8843160011e-01
939000	1.9842750020e-01
940000	1.9311100012e-01
941000	1.8843149999e-01
942000	2.0472589997e-01
943000	1.9575720001e-01
944000	2.1057760017e-01
945000	1.8479630002e-01
946000	1.8007799983e-01
947000	1.9361680001e-01
948000	1.9430300011e-01
949000	2.0416330011e-01
950000	1.9311599992e-01
951000	1.9224910019e-01
952000	1.9363970007e-01
953000	1.7215509992e-01
954000	1.8327080016e-01
955000	1.7418970005e-01
956000	1.7550260015e-01
957000	1.7310060002e-01
958000	1.7013119999e-01
959000	1.7623220012e-01
960000	1.7194559984e-01
961000	1.7180710007e-01
962000	1.7528629978e-01
963000	1.7742919992e-01
964000	1.7658489989e-01
965000	1.7386349989e-01
966000	1.6883670003e-01
967000	1.7098880000e-01
968000	1.7475789995e-01
969000	1.7654850008e-01
970000	1.8831950007e-01
971000	1.7510240013e-01
972000	1.7561440007e-01
973000	1.7117480002e-01
974000	1.7351090000e-01
975000	1.8053299980e-01
976000	1.8044009991e-01
977000	1.7536070012e-01
978000	1.7268540012e-01
979000	1.7248900002e-01
980000	1.8133109994e-01
981000	1.6902130004e-01
982000	1.7043890012e-01
983000	1.8329539988e-01
984000	1.8383569992e-01
985000	1.7121200007e-01
986000	1.8378219986e-01
987000	1.7153789988e-01
988000	1.7248299997e-01
989000	1.7133940011e-01
990000	1.7675419990e-01
991000	1.8319539982e-01
992000	1.8360130000e-01
993000	1.8459789990e-01
994000	1.7250399990e-01
995000	1.7294669989e-01
996000	1.8438290013e-01
997000	1.7917479994e-01
998000	1.8118659989e-01
999000	1.7814280000e-01
1000000	1.7710669991e-01
1000	6.3499901444e-05
2000	1.6379961744e-04
3000	2.2620009258e-04
4000	4.1039986536e-04
5000	3.9990013465e-04
6000	4.7299964353e-04
7000	6.9560017437e-04
8000	6.4700003713e-04
9000	6.8249972537e-04
10000	7.7420007437e-04
11000	1.2110001408e-03
12000	1.4361003414e-03
13000	1.4283000492e-03
14000	1.6009998508e-03
15000	1.7606997862e-03
16000	1.6180998646e-03
17000	1.4642998576e-03
18000	1.5567000955e-03
19000	1.7264997587e-03
20000	1.8370999023e-03
21000	1.7702002078e-03
22000	1.8023001030e-03
23000	1.8429998308e-03
24000	1.9310996868e-03
25000	2.0099002868e-03
26000	2.7100001462e-03
27000	3.0849999748e-03
28000	3.1910999678e-03
29000	2.4801003747e-03
30000	2.6193996891e-03
31000	2.8813998215e-03
32000	3.0001997948e-03
33000	2.9980000108e-03
34000	3.1953002326e-03
35000	3.2497001812e-03
36000	3.4407996573e-03
37000	3.5163001157e-03
38000	3.6365999840e-03
39000	3.7452001125e-03
40000	3.8493997417e-03
41000	3.9639999159e-03
42000	4.0257996880e-03
43000	4.0714000352e-03
44000	4.1900002398e-03
45000	4.2894002981e-03
46000	4.4952002354e-03
47000	4.6143000945e-03
48000	4.8392000608e-03
49000	4.2242999189e-03
50000	4.4185998850e-03
51000	4.4817999005e-03
52000	4.5155999251e-03
53000	4.6313996427e-03
54000	4.8772003502e-03
55000	4.9728001468e-03
56000	5.1679997705e-03
57000	5.3098998033e-03
58000	5.4542999715e-03
59000	5.5386000313e-03
60000	5.6837997399e-03
61000	5.8792997152e-03
62000	6.1492999084e-03
63000	6.1806002632e-03
64000	6.1780000106e-03
65000	6.2633999623e-03
66000	6.4877998084e-03
67000	6.0469000600e-03
68000	6.3935997896e-03
69000	6.1864997260e-03
70000	6.5803001635e-03
71000	6.3797999173e-03
72000	6.9934003986e-03
73000	6.6163996235e-03
74000	6.8388995714e-03
75000	7.0035001263e-03
76000	7.4112997390e-03
77000	7.2869001888e-03
78000	7.4597001076e-03
79000	7.6230000705e-03
80000	7.7224001288e-03
81000	7.8418999910e-03
82000	7.9373000190e-03
83000	8.0956998281e-03
84000	8.2935998216e-03
85000	8.3858999424e-03
86000	9.3243997544e-03
87000	8.6695002392e-03
88000	1.2551700231e-02
89000	9.0542999096e-03
90000	9.0404003859e-03
91000	9.0951998718e-03
92000	9.2775002122e-03
93000	9.3286000192e-03
94000	9.3816001900e-03
95000	9.5692998730e-03
96000	9.7288000397e-03
97000	9.7650000826e-03
98000	1.0009500198e-02
99000	9.9533996545e-03
100000	1.0254399851e-02
101000	1.0131900199e-02
102000	1.0289500002e-02
103000	1.0479399934e-02
104000	1.0712000076e-02
105000	1.0552700143e-02
106000	1.0997199919e-02
107000	1.0916299652e-02
108000	1.1012500152e-02
109000	1.0417900048e-02
110000	1.0575999971e-02
111000	1.1253300123e-02
112000	1.1560900137e-02
113000	1.1798100080e-02
114000	1.1993300170e-02
115000	1.2295600027e-02
116000	1.2236800045e-02
117000	1.2492499780e-02
118000	1.2562000193e-02
119000	1.2918099761e-02
120000	1.3025800232e-02
121000	1.3306200039e-02
122000	1.3155899942e-02
123000	1.3455200009e-02
124000	1.3442299794e-02
125000	1.3440799899e-02
126000	1.3753700070e-02
127000	1.3715700246e-02
128000	1.3910400216e-02
129000	1.4101300389e-02
130000	1.4908600133e-02
131000	1.6807700042e-02
132000	1.5588699840e-02
133000	1.7818199936e-02
134000	1.5641899779e-02
135000	1.5268499963e-02
136000	1.5480899718e-02
137000	1.5388600063e-02
138000	1.5384500381e-02
139000	1.5571199823e-02
140000	1.5503000002e-02
141000	1.5746099874e-02
142000	1.6043300275e-02
143000	1.6226600390e-02
144000	1.6317999922e-02
145000	1.6228900291e-02
146000	1.6298899893e-02
147000	1.6369699966e-02
148000	1.6517900396e-02
149000	1.6589300241e-02
150000	1.6727300361e-02
151000	1.6764599830e-02
152000	1.6883499920e-02
153000	1.7583000008e-02
154000	1.7434000038e-02
155000	1.7383799888e-02
156000	1.5750099905e-02
157000	1.5897000208e-02
158000	1.5858300030e-02
159000	1.6461600084e-02
160000	1.6523399856e-02
161000	1.7723500263e-02
162000	1.7618899699e-02
163000	1.7600100022e-02
164000	1.7654099967e-02
165000	1.7688499764e-02
166000	1.7735000234e-02
167000	1.7963400111e-02
168000	1.8123299815e-02
169000	1.8369299825e-02
170000	1.8283000216e-02
171000	1.8688899931e-02
172000	1.9222199917e-02
173000	1.9539700355e-02
174000	1.9497700036e-02
175000	1.9896400161e-02
176000	1.9960800186e-02
177000	2.0127899945e-02
178000	2.0070400089e-02
179000	2.0575100090e-02
180000	2.4888099637e-02
181000	2.1835499909e-02
182000	1.9657799974e-02
183000	1.9731800072e-02
184000	2.0249900408e-02
185000	2.0154400263e-02
186000	2.0282200072e-02
187000	2.0585599821e-02
188000	2.0744699985e-02
189000	2.1018099971e-02
190000	2.1018600091e-02
191000	2.1080099978e-02
192000	2.1170400083e-02
193000	2.1304700058e-02
194000	2.1441500168e-02
195000	2.1612099838e-02
196000	2.1902000066e-02
197000	2.2206400055e-02
198000	2.2174000274e-02
199000	2.2099600174e-02
200000	2.2090999875e-02
201000	2.2186300252e-02
202000	2.2389799822e-02
203000	2.2296000272e-02
204000	2.3246600293e-02
205000	2.3186899722e-02
206000	2.3584200069e-02
207000	2.3677099962e-02
208000	2.4023999926e-02
209000	2.4168400094e-02
210000	2.4293499999e-02
211000	2.5678600185e-02
212000	2.2964399774e-02
213000	2.3287300020e-02
214000	2.3782300297e-02
215000	2.4045800325e-02
216000	2.4253299925e-02
217000	2.5204400066e-02
218000	2.3909800220e-02
219000	2.8392499778e-02
220000	2.7350500226e-02
221000	2.5870099664e-02
222000	2.6324700098e-02
223000	2.6422000024e-02
224000	2.8356299736e-02
225000	2.7051499579e-02
226000	2.6883599814e-02
227000	2.6994700078e-02
228000	2.6949100196e-02
229000	2.7121299878e-02
230000	2.7600700036e-02
231000	2.7699599974e-02
232000	2.7394799981e-02
233000	2.7264200151e-02
234000	2.7529399842e-02
235000	2.7656599879e-02
236000	2.8102800250e-02
237000	2.8494499624e-02
238000	2.8255899902e-02
239000	2.8147200122e-02
240000	2.8363700025e-02
241000	2.8623600025e-02
242000	2.8140699957e-02
243000	2.7413200121e-02
244000	2.7943899855e-02
245000	2.7849399950e-02
246000	2.8245700058e-02
247000	2.8873200063e-02
248000	2.9054800048e-02
249000	2.9241400305e-02
250000	2.8910399880e-02
251000	3.0868500005e-02
252000	3.2920700032e-02
253000	2.9635099694e-02
254000	2.8429999948e-02
255000	2.8480899986e-02
256000	2.8794599697e-02
257000	2.9117200058e-02
258000	2.9120599851e-02
259000	3.0430600047e-02
260000	2.9862799682e-02
261000	2.9471400194e-02
262000	3.0032999814e-02
263000	3.0337100383e-02
264000	3.0872999690e-02
265000	3.1712399796e-02
266000	3.1369099859e-02
267000	3.1137600075e-02
268000	3.1571200117e-02
269000	3.1462099869e-02
270000	3.2010300085e-02
271000	3.0925800093e-02
272000	3.2308000140e-02
273000	3.2579699997e-02
274000	3.2682999969e-02
275000	3.2816800289e-02
276000	3.3931300044e-02
277000	3.3637200017e-02
278000	3.3433100209e-02
279000	3.6486700177e-02
280000	3.2937299926e-02
281000	3.3524200320e-02
282000	3.2896699850e-02
283000	3.4200900234e-02
284000	3.4366500098e-02
285000	3.1429700088e-02
286000	3.4094899893e-02
287000	3.4085200168e-02
288000	3.4548599739e-02
289000	3.5197299905e-02
290000	3.4951199777e-02
291000	3.5727600101e-02
292000	3.6020999774e-02
293000	3.5469300114e-02
294000	3.6246000323e-02
295000	3.5798799712e-02
296000	3.6490099970e-02
297000	3.7252300419e-02
298000	3.6299400032e-02
299000	3.6247900221e-02
300000	3.6149800289e-02
301000	3.8152900059e-02
302000	3.4309800249e-02
303000	3.4458599985e-02
304000	3.4781100228e-02
305000	3.8031799719e-02
306000	3.6632400006e-02
307000	3.5976800136e-02
308000	3.6064099986e-02
309000	3.6098400131e-02
310000	3.6411100067e-02
311000	3.6406000145e-02
312000	3.6805100273e-02
313000	3.7695799954e-02
314000	3.8084400352e-02
315000	3.9010799956e-02
316000	3.9185700007e-02
317000	3.8756699767e-02
318000	3.9089700207e-02
319000	3.8912500255e-02
320000	3.9022400044e-02
321000	3.6138799973e-02
322000	3.6860499997e-02
323000	3.7255200092e-02
324000	3.8438800257e-02
325000	3.7505500019e-02
326000	3.9421199821e-02
327000	3.9531100076e-02
328000	4.2022699956e-02
329000	4.9376100302e-02
330000	3.7826799788e-02
331000	3.8651000243e-02
332000	3.9307400119e-02
333000	4.0641700383e-02
334000	4.1259400081e-02
335000	3.8506099954e-02
336000	3.8810600061e-02
337000	3.9696600288e-02
338000	4.1269100271e-02
339000	4.0179600008e-02
340000	4.0734800044e-02
341000	4.0871399920e-02
342000	4.2539299931e-02
343000	4.1786499787e-02
344000	4.1425900068e-02
345000	4.1665100027e-02
346000	4.1728499811e-02
347000	4.1060899850e-02
348000	4.1258099955e-02
349000	3.9374300279e-02
350000	4.4558000285e-02
351000	4.5364100020e-02
352000	4.1069100145e-02
353000	4.1644600220e-02
354000	4.2368300259e-02
355000	4.4046899769e-02
356000	4.4128000271e-02
357000	4.4274299871e-02
358000	4.5155300293e-02
359000	4.5783899724e-02
360000	4.6089399606e-02
361000	4.5144900214e-02
362000	4.5949100051e-02
363000	4.5735099819e-02
364000	4.3761299923e-02
365000	4.2223500088e-02
366000	4.4470699970e-02
367000	4.3041899800e-02
368000	4.2569899932e-02
369000	4.3214000296e-02
370000	4.5180100016e-02
371000	4.8254400026e-02
372000	4.4602700043e-02
373000	4.5442900155e-02
374000	4.6580100432e-02
375000	4.5892499853e-02
376000	4.4630900025e-02
377000	4.6468600165e-02
378000	4.8878000118e-02
379000	4.5766099822e-02
380000	4.4594200328e-02
381000	4.4994500000e-02
382000	4.6477699652e-02
383000	4.5962699689e-02
384000	4.6167299617e-02
385000	4.6363499947e-02
386000	4.7685400117e-02
387000	4.6875900123e-02
388000	4.6508799773e-02
389000	4.7311000060e-02
390000	5.3245000076e-02
391000	4.8361199908e-02
392000	4.7246600036e-02
393000	4.7327099834e-02
394000	4.6643099748e-02
395000	4.7356199939e-02
396000	4.6292399988e-02
397000	4.8982799985e-02
398000	4.9242800102e-02
399000	4.9705900252e-02
400000	5.0939899869e-02
401000	4.6791399829e-02
402000	4.9332499970e-02
403000	5.0839500036e-02
404000	5.0161799882e-02
405000	5.0751700066e-02
406000	5.0913099665e-02
407000	5.2753099706e-02
408000	5.5388099980e-02
409000	5.2357600071e-02
410000	5.4222900420e-02
411000	5.2861300297e-02
412000	5.2029999904e-02
413000	5.2509100176e-02
414000	5.4259200115e-02
415000	5.2548300009e-02
416000	5.2269500215e-02
417000	5.4649299942e-02
418000	5.3336000070e-02
419000	5.3032800090e-02
420000	5.5151099805e-02
421000	5.3446199745e-02
422000	5.2994899917e-02
423000	5.3512599785e-02
424000	5.4536799900e-02
425000	5.9154599905e-02
426000	5.2587599959e-02
427000	5.5229299702e-02
428000	5.3435700014e-02
429000	5.3476599976e-02
430000	5.6917799637e-02
431000	5.3832000121e-02
432000	5.4165999871e-02
433000	5.6538099889e-02
434000	5.5317700375e-02
435000	5.5237499997e-02
436000	5.6593399961e-02
437000	5.5731200147e-02
438000	5.5272700265e-02
439000	5.6324699894e-02
440000	5.6608499959e-02
441000	5.7586599607e-02
442000	6.0119499918e-02
443000	5.7434200309e-02
444000	5.6856700219e-02
445000	6.0693399981e-02
446000	5.3148800042e-02
447000	5.3287599701e-02
448000	5.5078200065e-02
449000	5.5433100089e-02
450000	5.5072400253e-02
451000	5.5111499969e-02
452000	5.6345100049e-02
453000	5.5572499987e-02
454000	5.5423700251e-02
455000	5.9447299689e-02
456000	5.6072900072e-02
457000	5.8310899884e-02
458000	5.9554399922e-02
459000	5.6044400204e-02
460000	5.8004800230e-02
461000	6.0735300183e-02
462000	5.9187100269e-02
463000	5.8801500127e-02
464000	6.0350900050e-02
465000	5.6088500191e-02
466000	5.6595799979e-02
467000	5.7729599997e-02
468000	5.7391700335e-02
469000	5.8167700190e-02
470000	5.9786199592e-02
471000	5.9883899987e-02
472000	6.0064899735e-02
473000	6.6783799790e-02
474000	6.1254099943e-02
475000	6.1548300087e-02
476000	6.3371999655e-02
477000	6.1128800269e-02
478000	6.1187699903e-02
479000	6.2185199931e-02
480000	6.1244499870e-02
481000	6.6144000273e-02
482000	6.3965399750e-02
483000	6.3405400142e-02
484000	6.3905399758e-02
485000	6.2360399868e-02
486000	6.2670500018e-02
487000	6.9252300076e-02
488000	6.1153999995e-02
489000	6.2082399614e-02
490000	5.9180200100e-02
491000	6.0608800035e-02
492000	6.1709800269e-02
493000	6.3310700003e-02
494000	6.0978200287e-02
495000	6.1415100005e-02
496000	5.9677499812e-02
497000	6.0598399956e-02
498000	6.2403499614e-02
499000	6.1711099930e-02
500000	6.2344799750e-02
501000	6.3082300127e-02
502000	7.0622500032e-02
503000	6.4751899801e-02
504000	6.8297199905e-02
505000	6.5883900039e-02
506000	6.7370299716e-02
507000	6.6217799671e-02
508000	6.5824500285e-02
509000	6.7117599770e-02
510000	6.6289999988e-02
511000	6.6154799890e-02
512000	6.7892999854e-02
513000	6.6273599863e-02
514000	6.7347500008e-02
515000	6.2964499928e-02
516000	6.9876299705e-02
517000	6.9463999942e-02
518000	6.7424600013e-02
519000	6.8273799960e-02
520000	6.4385200385e-02
521000	6.5663299989e-02
522000	6.8789900281e-02
523000	6.8996500224e-02
524000	6.8144000135e-02
525000	6.8056199700e-02
526000	6.6642600112e-02
527000	6.8138100207e-02
528000	6.8051700015e-02
529000	7.1189800277e-02
530000	6.7194799893e-02
531000	6.4189400058e-02
532000	6.6271299962e-02
533000	6.8085299805e-02
534000	7.0483999792e-02
535000	7.1586200036e-02
536000	6.6679500043e-02
537000	6.8901400082e-02
538000	6.6595300101e-02
539000	6.5479899757e-02
540000	6.9180899765e-02
541000	6.7286599893e-02
542000	7.3650399689e-02
543000	6.9865399972e-02
544000	7.2872399818e-02
545000	7.1735099889e-02
546000	6.7325499840e-02
547000	6.7724400200e-02
548000	6.9405099843e-02
549000	7.1338700131e-02
550000	7.1796800010e-02
551000	6.8909099791e-02
552000	6.9627500139e-02
553000	7.2297600098e-02
554000	7.1102399845e-02
555000	7.7935300302e-02
556000	7.2562499903e-02
557000	7.2377400007e-02
558000	7.3778599966e-02
559000	7.2103600018e-02
560000	7.5248999987e-02
561000	6.8552399985e-02
562000	7.2160399985e-02
563000	6.9891300052e-02
564000	7.0952400099e-02
565000	7.2752200067e-02
566000	7.0859900210e-02
567000	7.8923599795e-02
568000	7.4627500027e-02
569000	7.4363599997e-02
570000	7.2346500121e-02
571000	7.0946099702e-02
572000	7.2259000037e-02
573000	7.3191000149e-02
574000	7.2478999849e-02
575000	7.3456200305e-02
576000	7.3517399840e-02
577000	7.6336499769e-02
578000	7.4920300394e-02
579000	7.2367200162e-02
580000	7.7516899910e-02
581000	7.1545800194e-02
582000	7.8720599879e-02
583000	7.6450100169e-02
584000	7.8505699988e-02
585000	7.7384899836e-02
586000	7.7779000159e-02
587000	7.7587400097e-02
588000	7.6639699750e-02
589000	7.3985399678e-02
590000	7.4133399874e-02
591000	7.7087600250e-02
592000	8.1106999889e-02
593000	8.0268799793e-02
594000	7.3270699941e-02
595000	7.6886899769e-02
596000	7.3792200070e-02
597000	7.5378400274e-02
598000	7.6012199745e-02
599000	7.4907000177e-02
600000	7.9282099847e-02
601000	7.9262899701e-02
602000	8.0082300119e-02
603000	8.5168600082e-02
604000	8.2228200044e-02
605000	7.6271400321e-02
606000	7.7649800107e-02
607000	7.7577600256e-02
608000	7.8128399793e-02
609000	8.1073699985e-02
610000	7.8927900176e-02
611000	7.9864600208e-02
612000	7.5119099580e-02
613000	7.8669100069e-02
614000	7.9365000129e-02
615000	8.3745799959e-02
616000	8.2469100133e-02
617000	8.1717800349e-02
618000	8.3860100247e-02
619000	8.0829100218e-02
620000	8.4783100057e-02
621000	8.1917000003e-02
622000	8.4886699915e-02
623000	8.2934400067e-02
624000	8.4655100014e-02
625000	8.3809299860e-02
626000	8.8027200196e-02
627000	7.8425500076e-02
628000	7.9921599943e-02
629000	7.9721600283e-02
630000	8.0204399768e-02
631000	8.0836900044e-02
632000	7.9711200204e-02
633000	7.9750599805e-02
634000	8.2556600217e-02
635000	8.7379499804e-02
636000	8.4474999923e-02
637000	9.2802699655e-02
638000	8.3193500061e-02
639000	8.5524000227e-02
640000	8.3654199727e-02
641000	8.2381699700e-02
642000	7.9663099721e-02
643000	8.3818499930e-02
644000	8.1620700192e-02
645000	8.4740499966e-02
646000	8.2512699999e-02
647000	8.9315599762e-02
648000	8.6795699783e-02
649000	8.4275700152e-02
650000	8.7265999988e-02
651000	8.4868600126e-02
652000	8.6974099744e-02
653000	8.4420999978e-02
654000	8.7660199963e-02
655000	8.5886499844e-02
656000	8.6848500185e-02
657000	8.4850300103e-02
658000	9.5175100025e-02
659000	8.7705300190e-02
660000	8.2834200002e-02
661000	8.3630800247e-02
662000	8.9184700046e-02
663000	8.8770000264e-02
664000	8.9219399728e-02
665000	8.2988999784e-02
666000	9.0290699620e-02
667000	8.9966100175e-02
668000	9.5671900082e-02
669000	8.3758999594e-02
670000	8.7469299790e-02
671000	9.0135999955e-02
672000	9.1929999646e-02
673000	8.9846100193e-02
674000	9.1671600007e-02
675000	9.0864100028e-02
676000	8.9602100197e-02
677000	9.0814900119e-02
678000	9.9632999860e-02
679000	8.6615399923e-02
680000	9.0181999840e-02
681000	9.1042499989e-02
682000	8.5101100150e-02
683000	8.7836800143e-02
684000	8.6108899675e-02
685000	9.0731000062e-02
686000	9.0132299811e-02
687000	9.0220700018e-02
688000	9.3134500086e-02
689000	8.9630299713e-02
690000	8.8632599916e-02
691000	9.0105900075e-02
692000	8.9360299986e-02
693000	9.1816299595e-02
694000	9.1173199937e-02
695000	9.0857699979e-02
696000	9.1448399704e-02
697000	9.1671099886e-02
698000	9.2993299942e-02
699000	9.3844700139e-02
700000	9.0517899953e-02
701000	9.2068999540e-02
702000	8.9184300043e-02
703000	9.4688900281e-02
704000	9.2204099987e-02
705000	9.3656899873e-02
706000	8.8764199987e-02
707000	9.2096099630e-02
708000	9.8807199858e-02
709000	9.6647100057e-02
710000	9.3994299881e-02
711000	8.8667999953e-02
712000	9.2897300143e-02
713000	9.4670700375e-02
714000	9.8132100422e-02
715000	9.6172100399e-02
716000	1.0310109984e-01
717000	9.0283199679e-02
718000	1.0345550021e-01
719000	9.8815499805e-02
720000	9.5114000142e-02
721000	9.6331399865e-02
722000	9.3472700100e-02
723000	9.6785199828e-02
724000	9.6188200172e-02
725000	1.0091849975e-01
726000	9.6497899853e-02
727000	1.0333580012e-01
728000	9.2928100377e-02
729000	9.5104199834e-02
730000	9.6408700105e-02
731000	9.7855300177e-02
732000	1.0081310011e-01
733000	9.2197899707e-02
734000	9.6704300027e-02
735000	9.2821099795e-02
736000	1.0499319993e-01
737000	9.5180499833e-02
738000	9.9445000291e-02
739000	1.0259329993e-01
740000	1.0062889988e-01
741000	1.0022999998e-01
742000	9.4521100167e-02
743000	9.8500899971e-02
744000	9.6415800042e-02
745000	1.0307620000e-01
746000	1.0001339996e-01
747000	9.8157000262e-02
748000	1.0023800004e-01
749000	9.6481400076e-02
750000	1.0165339988e-01
751000	1.0185529990e-01
752000	9.8210799973e-02
753000	1.0005330015e-01
754000	1.0967899999e-01
755000	1.0149420006e-01
756000	1.0004519997e-01
757000	1.0258780001e-01
758000	9.5373400021e-02
759000	9.8280800041e-02
760000	1.0012099985e-01
761000	9.8254899960e-02
762000	1.0115389992e-01
763000	1.0825640010e-01
764000	1.0305509996e-01
765000	1.0227699997e-01
766000	1.0086169979e-01
767000	1.0244520009e-01
768000	1.0189149994e-01
769000	1.0342089972e-01
770000	9.9239199888e-02
771000	1.0241079982e-01
772000	1.0642619990e-01
773000	1.0427829996e-01
774000	9.9659400061e-02
775000	9.7363700159e-02
776000	1.0824820027e-01
777000	1.0272770002e-01
778000	1.0630430002e-01
779000	1.0757320002e-01
780000	1.0652110027e-01
781000	1.2249680003e-01
782000	1.0385880014e-01
783000	1.0425189976e-01
784000	1.0067640012e-01
785000	1.0567960003e-01
786000	1.0543440003e-01
787000	1.0376620013e-01
788000	1.0530239996e-01
789000	1.1048519984e-01
790000	1.1001449963e-01
791000	1.1193520017e-01
792000	1.0869320016e-01
793000	1.0952490009e-01
794000	1.1012859968e-01
795000	1.0864639981e-01
796000	1.0379399965e-01
797000	1.0287200008e-01
798000	1.1423359998e-01
799000	1.0862159962e-01
800000	1.0911450023e-01
801000	1.1234229989e-01
802000	1.1068660021e-01
803000	1.1059479974e-01
804000	1.1127340002e-01
805000	1.0289549967e-01
806000	1.1360550020e-01
807000	1.1283100024e-01
808000	1.1029359978e-01
809000	1.1336149974e-01
810000	1.0877289996e-01
811000	1.0403880011e-01
812000	1.0778750014e-01
813000	1.0526560014e-01
814000	1.1106320005e-01
815000	1.1869499972e-01
816000	1.1303400015e-01
817000	1.1436740030e-01
818000	1.1094859987e-01
819000	1.0902869981e-01
820000	1.1235790001e-01
821000	1.1352710007e-01
822000	1.1437379988e-01
823000	1.2278490001e-01
824000	1.1307410011e-01
825000	1.0632040026e-01
826000	1.1024230020e-01
827000	1.0789750004e-01
828000	1.0801539989e-01
829000	1.1092579970e-01
830000	1.0752269998e-01
831000	1.3053649990e-01
832000	1.1305840034e-01
833000	1.0744909989e-01
834000	1.0986580001e-01
835000	1.1019180017e-01
836000	1.1220109975e-01
837000	1.1229410022e-01
838000	1.1021790002e-01
839000	1.2177440012e-01
840000	1.0988770006e-01
841000	1.1422639992e-01
842000	1.1935580010e-01
843000	1.1689960025e-01
844000	1.2766889995e-01
845000	1.2262740033e-01
846000	1.1694889981e-01
847000	1.1981399963e-01
848000	1.1408569990e-01
849000	1.1374909990e-01
850000	1.1144339992e-01
851000	1.1157980002e-01
852000	1.1703439988e-01
853000	1.1456359969e-01
854000	1.1209569965e-01
855000	1.1298869969e-01
856000	1.1695369985e-01
857000	1.2082400033e-01
858000	1.1973879999e-01
859000	1.1655259971e-01
860000	1.2002749974e-01
861000	1.1824850040e-01
862000	1.2462189980e-01
863000	1.2037059991e-01
864000	1.1262900010e-01
865000	1.2164989999e-01
866000	1.2118920032e-01
867000	1.2003060011e-01
868000	1.2229570001e-01
869000	1.2128040008e-01
870000	1.2812520005e-01
871000	1.2009940017e-01
872000	1.1974080000e-01
873000	1.1335720029e-01
874000	1.1740999995e-01
875000	1.1935129995e-01
876000	1.1470859963e-01
877000	1.2311329972e-01
878000	1.2817410007e-01
879000	1.2278459966e-01
880000	1.2232099986e-01
881000	1.1940000020e-01
882000	1.2819089973e-01
883000	1.1917600036e-01
884000	1.2238059985e-01
885000	1.3104250003e-01
886000	1.1947769998e-01
887000	1.1688029999e-01
888000	1.2185110012e-01
889000	1.1717579979e-01
890000	1.1966350023e-01
891000	1.2019539997e-01
892000	1.1923950026e-01
893000	1.2199629983e-01
894000	1.2112559984e-01
895000	1.1903820001e-01
896000	1.2144660018e-01
897000	1.2323320005e-01
898000	1.1911570001e-01
899000	1.2168730004e-01
900000	1.3765499974e-01
901000	1.2673339993e-01
902000	1.2612830009e-01
903000	1.2889529997e-01
904000	1.2924000015e-01
905000	1.2627250003e-01
906000	1.2567749992e-01
907000	1.3456440018e-01
908000	1.2815689994e-01
909000	1.2657249998e-01
910000	1.2701770011e-01
911000	1.3055070024e-01
912000	1.2813280011e-01
913000	1.2574440008e-01
914000	1.3431569980e-01
915000	1.2487320043e-01
916000	1.2028159993e-01
917000	1.2338479981e-01
918000	1.2441429961e-01
919000	1.2403710000e-01
920000	1.2582040019e-01
921000	1.3167440007e-01
922000	1.3112090016e-01
923000	1.1968810018e-01
924000	1.2169990037e-01
925000	1.3259109994e-01
926000	1.3058659993e-01
927000	1.2876540003e-01
928000	1.3030029973e-01
929000	1.4010840002e-01
930000	1.2894909969e-01
931000	1.2699020002e-01
932000	1.2589769997e-01
933000	1.2877700012e-01
934000	1.2921080040e-01
935000	1.2840160029e-01
936000	1.2970070029e-01
937000	1.3736979989e-01
938000	1.3207669975e-01
939000	1.2885070033e-01
940000	1.2877269974e-01
941000	1.3309760019e-01
942000	1.3313300023e-01
943000	1.3082060032e-01
944000	1.3494690042e-01
945000	1.3516259985e-01
946000	1.3244180009e-01
947000	1.3193810033e-01
948000	1.3475329988e-01
949000	1.4115280006e-01
950000	1.3156270003e-01
951000	1.2473980011e-01
952000	1.3130560005e-01
953000	1.2936289981e-01
954000	1.3278360013e-01
955000	1.3322920026e-01
956000	1.4262990002e-01
957000	1.4330979995e-01
958000	1.3691730006e-01
959000	1.3403810002e-01
960000	1.3224769989e-01
961000	1.3485299982e-01
962000	1.3361090003e-01
963000	1.3800649997e-01
964000	1.2917480012e-01
965000	1.3269749982e-01
966000	1.3144499995e-01
967000	1.3006469980e-01
968000	1.3184279995e-01
969000	1.3215570012e-01
970000	1.4470750000e-01
971000	1.3067620015e-01
972000	1.3469569990e-01
973000	1.3414070010e-01
974000	1.3195919991e-01
975000	1.3040499995e-01
976000	1.3614520011e-01
977000	1.4423280023e-01
978000	1.4047810016e-01
979000	1.3871630002e-01
980000	1.3779920014e-01
981000	1.2932730000e-01
982000	1.4083710033e-01
983000	1.4401079994e-01
984000	1.3132900000e-01
985000	1.3429229986e-01
986000	1.3786919974e-01
987000	1.2918039970e-01
988000	1.3429239998e-01
989000	1.3381949998e-01
990000	1.4902039990e-01
991000	1.3740370004e-01
992000	1.3172029983e-01
993000	1.3778960006e-01
994000	1.4382100012e-01
995000	1.4026529994e-01
996000	1.3806190016e-01
997000	1.3983009988e-01
998000	1.4213240007e-01
999000	1.4355349960e-01
1000000	1.3877160009e-01
